MNI152leadField:
recipe:	leadFieldGeneration
capType:	1010
elecType:	disc	
elecSize:	[6.0,2.0]
elecOri:	N/A
T2:	none
meshOpt:	radbound: 5; angbound: 30; distbound: 0.3; reratio: 3; maxvol: 10
conductivities:	white: 0.126; gray: 0.276; CSF: 1.650; bone: 0.010; skin: 0.465; air: 2.5e-14; gel: 0.300; 0.300; 0.300; 0.300; 0.300; 0.300; 0.300; 0.300; 0.300; 0.300; 0.300; 0.300; 0.300; 0.300; 0.300; 0.300; 0.300; 0.300; 0.300; 0.300; 0.300; 0.300; 0.300; 0.300; 0.300; 0.300; 0.300; 0.300; 0.300; 0.300; 0.300; 0.300; 0.300; 0.300; 0.300; 0.300; 0.300; 0.300; 0.300; 0.300; 0.300; 0.300; 0.300; 0.300; 0.300; 0.300; 0.300; 0.300; 0.300; 0.300; 0.300; 0.300; 0.300; 0.300; 0.300; 0.300; 0.300; 0.300; 0.300; 0.300; 0.300; 0.300; 0.300; 0.300; 0.300; 0.300; 0.300; 0.300; 0.300; 0.300; 0.300; 0.300; electrode: 5.9e+07; 5.9e+07; 5.9e+07; 5.9e+07; 5.9e+07; 5.9e+07; 5.9e+07; 5.9e+07; 5.9e+07; 5.9e+07; 5.9e+07; 5.9e+07; 5.9e+07; 5.9e+07; 5.9e+07; 5.9e+07; 5.9e+07; 5.9e+07; 5.9e+07; 5.9e+07; 5.9e+07; 5.9e+07; 5.9e+07; 5.9e+07; 5.9e+07; 5.9e+07; 5.9e+07; 5.9e+07; 5.9e+07; 5.9e+07; 5.9e+07; 5.9e+07; 5.9e+07; 5.9e+07; 5.9e+07; 5.9e+07; 5.9e+07; 5.9e+07; 5.9e+07; 5.9e+07; 5.9e+07; 5.9e+07; 5.9e+07; 5.9e+07; 5.9e+07; 5.9e+07; 5.9e+07; 5.9e+07; 5.9e+07; 5.9e+07; 5.9e+07; 5.9e+07; 5.9e+07; 5.9e+07; 5.9e+07; 5.9e+07; 5.9e+07; 5.9e+07; 5.9e+07; 5.9e+07; 5.9e+07; 5.9e+07; 5.9e+07; 5.9e+07; 5.9e+07; 5.9e+07; 5.9e+07; 5.9e+07; 5.9e+07; 5.9e+07; 5.9e+07; 5.9e+07; 
reSampling:	off
zeroPadding:	none
original MRI in RAS?:	no, and is re-oriented into RAS

